-9.985692022952963320e-01
-9.289841285569856444e-01
9.999999999899364944e-01
2.490891688907876100e-01
1.467110587736129845e-01
9.999999786593604112e-01
9.499078543432292188e-01
8.201959832377730963e-01
-9.999999910546883974e-01
9.999999999614634927e-01
-9.959410632973081379e-01
9.995132438134302078e-01
7.614056357841385569e-01
9.999993671085235514e-01
-9.956625430604548743e-01
9.999999384744543418e-01
9.729694528047836410e-01
9.999500318571675761e-01
9.999999994458683705e-01
9.999999945298789772e-01
9.890629920299396360e-01
9.668742857213079578e-01
9.879091226923157887e-01
4.020815842116203798e-01
-9.999999734783938665e-01
-9.999400707918376652e-01
9.998360845995766244e-01
-8.444238967209857227e-01
-9.999999657996669900e-01
9.995533756735037745e-01
9.999999978759960273e-01
-4.005192777401169191e-01
-9.769492372644464906e-01
9.994263213176400873e-01
9.978778949508743112e-01
9.999999961777658042e-01
9.998788128475577519e-01
9.992461688543401443e-01
9.487008284253060086e-01
7.616623174229864013e-01
-9.999999999304999276e-01
-9.999997668702504949e-01
-9.999840556590370300e-01
-9.999999997793815876e-01
-9.858753688908151736e-01
-9.970402433865303005e-01
9.999999989693467706e-01
9.999999999910266224e-01
9.999999501907521626e-01
9.847565113498142342e-01
-9.696699954444658598e-01
-9.994773756585360047e-01
9.999999987143092239e-01
-8.038478973586499210e-01
-9.301192501375710187e-01
9.999999971457393944e-01
-9.999999995536148489e-01
-8.675336409991969422e-01
9.999877981474136757e-01
-9.997760559804925728e-01
-9.999986260884156097e-01
7.910616533459358113e-01
9.999999179543727079e-01
9.999987920525956753e-01
-9.999771325761042107e-01
9.999998330813182346e-01
9.999999999695666775e-01
-9.973012153145393022e-01
-9.473717216531232221e-01
-9.999999542145079356e-01
9.998298767632735062e-01
-9.999062145322068496e-01
9.920782823976743714e-01
-9.756079980033451893e-01
-9.999960435607774256e-01
9.992724478725347748e-01
9.999999998788737798e-01
9.992930686893221059e-01
9.999999998497315357e-01
-9.978799637980572124e-01
-9.877714693156265380e-01
-9.999999889348565318e-01
-9.999995923924265284e-01
4.805950070482375991e-01
9.999999999669915152e-01
-2.914266573732742227e-01
6.917666623998257602e-01
9.999999998835590320e-01
9.999996272142730458e-01
-9.999999999649391569e-01
9.997488091357626949e-01
9.999995876643973380e-01
7.390936042757139113e-01
-9.978572510831227316e-01
-9.999999805040389322e-01
-9.903533256008981711e-01
-9.999998060372990993e-01
9.988091207292055795e-01
9.999999923208753305e-01
9.999999975831200816e-01
